0;294;50;20;samples\kick.wav;1.0
32;337;50;20;samples\kick.wav;1.0
64;368;50;20;samples\kick.wav;1.0
128;335;50;20;samples\sd1.wav;1.0
192;300;50;20;samples\kick.wav;1.0
224;332;50;20;samples\kick.wav;1.0
256;373;50;20;samples\kick.wav;1.0
384;280;50;20;samples\sd1.wav;1.0
392;314;50;20;samples\sd1.wav;0.9
400;343;50;20;samples\sd1.wav;0.8
408;370;50;20;samples\sd1.wav;0.7000000000000001
416;396;50;20;samples\sd1.wav;0.6000000000000001
424;425;50;20;samples\sd1.wav;0.5000000000000001
448;479;50;20;samples\sd1.wav;0.40000000000000013
480;502;50;20;samples\sd1.wav;0.30000000000000016
504;530;50;20;samples\sd1.wav;0.30000000000000016
560;567;50;20;samples\sd1.wav;0.30000000000000016
640;471;50;20;samples\sd1.wav;1.0
592;607;50;20;samples\sd1.wav;0.20000000000000015
704;448;50;20;samples\sd2.wav;1.0
736;386;50;20;samples\hh.wav;1.0
608;441;50;20;samples\clap.wav;1.0
